text,top_class,hate_speech,offensive_language,neither
"@debbers500 Awesome, looking forward to it!",neither,0.04397803338523641,0.32737768841006765,0.6286442782046959
Next week.,neither,0.03841867567785115,0.34793480899304824,0.6136465153291008
awesome sauce:),neither,0.03945320844208391,0.33037608806864915,0.630170703489267
oh well.. just waiting for prime sub to drop to hop over to critrole Kappa,neither,0.04978221317186005,0.2943331868475794,0.6558845999805606
thanks debbers500 danLove,neither,0.035884468650613,0.3004919205142699,0.6636236108351171
Thanks @debbers500 awesome dynamics,neither,0.03702831964595965,0.31007038148356736,0.652901298870473
why is it never some friendly entity that wants to live peacefully under the sea?,neither,0.031948866441360524,0.38282898069909854,0.585222152859541
pretty crazy to just end a stream with 8k people,neither,0.040609764728208465,0.44205653980480947,0.5173336954669819
"lol....reading the chat rules....i read #1 as ""don't be a DUCK!""",neither,0.03329632432009692,0.3760289839245166,0.5906746917553866
@debbers500 Thank you again for hanging out. Much appreciated!,neither,0.037136842440636794,0.3758954478331596,0.5869677097262036
Thanks @TheDiMono and all you lovely G&S folk and fans!,neither,0.056687214356803434,0.3312830536981839,0.6120297319450128
"@debbers500 You are so creative and descriptive, I love it. See you next week!",neither,0.08525416241728577,0.3865700580235917,0.5281757795591225
that was really good cant wait!,neither,0.035035308806284,0.37305571094876167,0.5919089802449543
fast pace eh?,neither,0.03945320844208391,0.33037608806864915,0.630170703489267
same day/time next week?,neither,0.03890897218422441,0.35504005985362364,0.6060509679621521
Thanks @debbers500,neither,0.035884468650613,0.3004919205142699,0.6636236108351171
see yall next week,neither,0.03716718202455597,0.36917592242763675,0.5936568955478072
Thanks for being awesome @debbers500,neither,0.028317848943576834,0.3149177724732677,0.6567643785831554
its really cool that you even bother to hang out in char with us stream plebs @debbers500 the show is awesome,neither,0.06511035275796365,0.35436033420503776,0.5805293130369986
Each episode is split into 2 1hour parts,neither,0.044879918408662796,0.3285095936660874,0.6266104879252498
Relics and Rarities is worth a prime sub for sure,neither,0.0358331193679212,0.3751955781126618,0.588971302519417
Thanks for hanging out with us @debbers500 !,neither,0.04421305851152123,0.33318983807928954,0.6225971034091893
@imLunchy Yes,neither,0.03945320844208391,0.33037608806864915,0.630170703489267
@debbers500 thank you for the great show danLove,neither,0.06145004147390697,0.22945012773308898,0.7090998307930041
@debbers500 That was great! :D,neither,0.031738606339660885,0.35644657876003094,0.6118148149003082
"Help G&S make great content! $4.99/month gets you emotes, Minecraft server access, sub-only VODs, and more! Every sub keeps the channel alive! twitch.tv/geekandsundry/subscribe",neither,0.043907990691603095,0.31135964332838284,0.644732365980014
How does he see what he rolls on his dice?,neither,0.052105832760928776,0.4190399782952969,0.5288541889437743
hello danWave oooo,neither,0.03945320844208391,0.33037608806864915,0.630170703489267
Gina GM!,neither,0.03945320844208391,0.33037608806864915,0.630170703489267
thank you @debbers500 you game me something i didn't even know I wanted but it's so great,neither,0.03606105212717762,0.4475304999988213,0.516408447874001
Gina GM!,neither,0.03945320844208391,0.33037608806864915,0.630170703489267
"piboRant weave time, everyone get you're home baskets out",neither,0.05585790307090814,0.46145263348677373,0.4826894634423181
gandsHype gandsHype gandsHype,neither,0.03945320844208391,0.33037608806864915,0.630170703489267
gandsFacepalm gandsFacepalm gandsFacepalm gandsFacepalm gandsFacepalm,neither,0.03945320844208391,0.33037608806864915,0.630170703489267
You all are so cool! thanks for being polite and supportive. It means so much to me. Enjoy TBD RPG!!!,neither,0.04763208168527001,0.3934419588601452,0.5589259594545848
Thanks for being here @debbers500 !!,neither,0.07192670121817475,0.27480476165024703,0.6532685371315783
thank you deb! a great addition to g&s,neither,0.054028323226460485,0.34242150934774074,0.6035501674257988
I really want to get myself one of those wooden DM screens...,neither,0.06116165404886313,0.30287197662922655,0.6359663693219103
ASH!,neither,0.03945320844208391,0.33037608806864915,0.630170703489267
"@debbers500 You're a great DM, you make me want to try D&D, thanks so much for that",neither,0.057711560408720934,0.3896463416589995,0.5526420979322796
woo!,neither,0.03945320844208391,0.33037608806864915,0.630170703489267
bye deb!,neither,0.03945320844208391,0.33037608806864915,0.630170703489267
@imLunchy Yup. Reruns in a couple hours and later in the week.,neither,0.03836786448186208,0.29328064513485763,0.6683514903832803
Change of plans,neither,0.03945320844208391,0.33037608806864915,0.630170703489267
yeah Ash back,neither,0.024464562987525734,0.43380620469002407,0.5417292323224502
what happened to the session?,neither,0.05027405155295973,0.30861979282918983,0.6411061556178503
"Hi Ash, Becca, Gina, Amy and Stef",neither,0.03883641976893862,0.29987666403515967,0.6612869161959017
Right when the ocean battle was getting good..,neither,0.028344078986418397,0.41560911813968693,0.5560468028738947
danLUL,neither,0.03945320844208391,0.33037608806864915,0.630170703489267
this looks like a sliiiight step down,neither,0.05053508201548452,0.3482269047805506,0.6012380132039647
damn you Fiona!,offensive_language,0.07364223488149953,0.9231738158972554,0.0031839492212450463
Oh. Becca's gone 700% method. Should go well.,neither,0.05281706743785884,0.32428827075620875,0.6228946618059324
that was unreal DM'ing @debbers500 so glad i found this,neither,0.03682065325710612,0.38709981207807403,0.5760795346648198
holy shit Becca looks like a boy,offensive_language,0.055513766729151565,0.9428541363959697,0.0016320968748786307
@rensler88 tune in next Wednesday for part 2,neither,0.034651931508609145,0.3177779800823169,0.647570088409074
@debbers500 i want you back on critical role as trixie!!!! you dragon slayer sob!!!!!!!!!,neither,0.054664151770994845,0.40785148978066876,0.5374843584483363
LUL,neither,0.03945320844208391,0.33037608806864915,0.630170703489267
where can I watch previous episodes,neither,0.04715059320030561,0.2934090155253153,0.6594403912743791
danLUL,neither,0.03945320844208391,0.33037608806864915,0.630170703489267
LUL good question,neither,0.038879600139081275,0.33057337826720606,0.6305470215937126
A womb with a view,neither,0.025973088388790776,0.37900741308531627,0.595019498525893
@Rensler88 1 and the first half of 2 are on YouTube. VODs are up for subs as well,neither,0.0525251762409908,0.2858422946064811,0.661632529152528
watching this makes me want to play dnd againnnn,neither,0.03848258501089142,0.3547417276594985,0.6067756873296101
When was the previous episode of this?,neither,0.028542555754947158,0.3678181939309197,0.6036392503141332
chad swanson,neither,0.03945320844208391,0.33037608806864915,0.630170703489267
@Rensler88 should be able to click the videos tab,neither,0.05172186121244501,0.34101215206678975,0.6072659867207651
amydCheers,neither,0.03945320844208391,0.33037608806864915,0.630170703489267
kk ty,neither,0.03945320844208391,0.33037608806864915,0.630170703489267
"""this time"" danS",neither,0.03816989971820941,0.35215718628168685,0.6096729140001038
is it a monthly sub or one time sub?,neither,0.04187633929880529,0.3583511132965597,0.5997725474046349
Chat it's swanson,neither,0.03752336384949593,0.3310398501182267,0.6314367860322773
"@Blizardstar1200 They're done this setting before, but this story arc is new.",neither,0.05184369026592564,0.31248629568940695,0.6356700140446674
@Rensler88 Monthly,neither,0.03945320844208391,0.33037608806864915,0.630170703489267
wow that's a convoluted prank Portia,neither,0.036559031764762086,0.36171129944370056,0.6017296687915374
!whodat,neither,0.03945320844208391,0.33037608806864915,0.630170703489267
"Gina DeVivo ( Twitter.com/pocketgina ) as the Story Teller, with Whitney Moore ( twitter.com/tweetneymoore ), Amy Dallen ( twitter.com/enthusiamy ) Becca Scott ( twitter.com/thebeccascott ), and Stef Woodburn ( twitter.com/StefWoodburn ).",neither,0.03510077889429535,0.4640498374380524,0.5008493836676523
ugh okie doke,neither,0.03945320844208391,0.33037608806864915,0.630170703489267
We need more dragon slayers on CR season 2. Those poor Vox Machina don’t have much experience at it. Kappa,neither,0.04608738241245156,0.31303971886079857,0.6408728987267499
wait the other one wasnt done,neither,0.037343126984387624,0.3536488286572716,0.6090080443583408
skyrim guards approaching,neither,0.03945320844208391,0.33037608806864915,0.630170703489267
ramaPANIC ramaPANIC ramaPANIC CHEESE IT,neither,0.03732900470022614,0.3311066991421165,0.6315642961576573
LUL,neither,0.03945320844208391,0.33037608806864915,0.630170703489267
is there more dnd to be streamed?,neither,0.0567370489023182,0.27990623998260866,0.6633567111150731
Errrr mighty nein... lol whoops,neither,0.032992959634341804,0.3764807349593735,0.5905263054062847
Missing Ash Minnick,neither,0.03945320844208391,0.33037608806864915,0.630170703489267
"Umm, no Whitney Moore tonight",neither,0.036683623607250894,0.3233510037816197,0.6399653726111294
@Idifee Yep. I don't know if it's just for this week.,neither,0.01908367108266817,0.3669247279156875,0.6139916010016444
or do I have to sub to watch?,neither,0.06007294916109743,0.32815663319538185,0.6117704176435207
@rensler88 yes,neither,0.03945320844208391,0.33037608806864915,0.630170703489267
@Rensler88 The VODs are for subscribers only.,neither,0.0689699959943696,0.20300164865343634,0.7280283553521941
ugh,neither,0.03945320844208391,0.33037608806864915,0.630170703489267
@Rensler88 part 2 of R&R will be on next week,neither,0.03789369662462853,0.33579287586981,0.6263134275055615
Gina is putting herself back to GMing in High School. That's rough.,neither,0.043964288678647864,0.4065065887626943,0.5495291225586578
@Rensler88 Live streams are all free. Reruns afterwards and on weekends are free.,neither,0.06950457436080465,0.30089517673044525,0.6296002489087502
jail trouble,neither,0.03945320844208391,0.33037608806864915,0.630170703489267
@KBTibbs This is how she plans on getting that Highschool experience,neither,0.03786636680132975,0.4618969096100583,0.500236723588612
"And Gina's the one who never went to high school, right?",neither,0.03617306191299228,0.4575518920378921,0.5062750460491156
SOFT BRO,neither,0.03945320844208391,0.33037608806864915,0.630170703489267
@ObsequiousDiphthong Correct,neither,0.03945320844208391,0.33037608806864915,0.630170703489267
Eyo eyo eyyy did they just start?,neither,0.03396286035112087,0.35653173622152823,0.6095054034273508
@chaoticloony there is no more accurate experience for anything than Weave.,neither,0.040708913106006044,0.2921506801329459,0.667140406761048
@jessieleaf Yes,neither,0.03945320844208391,0.33037608806864915,0.630170703489267
yup!,neither,0.03945320844208391,0.33037608806864915,0.630170703489267
"@Rensler88 After live shows are done, they replay them all night and next morning. On weekends all that week's shows replay as well.",neither,0.0515633973288752,0.3364960593602116,0.6119405433109132
Coooolllll,neither,0.03945320844208391,0.33037608806864915,0.630170703489267
Hehhehehe,neither,0.03945320844208391,0.33037608806864915,0.630170703489267
oh I see,neither,0.04835874024584472,0.24779774192067786,0.7038435178334774
Is it just me or does Becca actually look like a pretty convincing teenage boy right now?,neither,0.03333859408473844,0.4480669276517119,0.5185944782635498
"@jessieleaf It's the ""Click"" playset this week",neither,0.037099701230103095,0.3163538995224675,0.6465463992474294
So Indigo's plaid bandana is very gay and I'm here for it,neither,0.20820819582681188,0.19141665028963398,0.600375153883554
"Stuffing yourself in a locker, when you want that bullying experience without the bully.",neither,0.038742753554146296,0.39286153230136844,0.5683957141444852
@TheDiMono She is a good actor,neither,0.04930029774952482,0.41927638402776185,0.5314233182227134
!whodat,neither,0.03945320844208391,0.33037608806864915,0.630170703489267
"Gina DeVivo ( twitter.com/pocketgina ) as the Story Teller, with Amy Dallen ( twitter.com/enthusiamy ) as Laurie Hunter, Stef Woodburn ( twitter.com/StefWoodburn ) as Portir, Becca Scott ( twitter.com/thebeccascott ) as JRod Swanson, and guest Ash Minnick ( twitter.com/ashminnick ) as Indigo Dusk.",neither,0.034046164680493166,0.47294474368241435,0.49300909163709256
@JeffM0307 I love this one,neither,0.033291587193237826,0.4076143223374025,0.5590940904693597
@TheDiMono It's the attitude,neither,0.03619171951145389,0.30788874191205534,0.6559195385764909
@TheDiMono that's cuz it's jadd inhabiting the body which used to belong to becca scott,neither,0.043878916951767793,0.3417941054686868,0.6143269775795455
I had that ability in High School,neither,0.0334261966032865,0.4332748096935996,0.5332989937031138
scouts honour sign kek,neither,0.03945320844208391,0.33037608806864915,0.630170703489267
Laurie is a girlscout cookie with spiced choco chips,neither,0.03534702526004795,0.36303124088702604,0.6016217338529259
"Sorry the font was tough to read, fixed Becca’s character’s name",neither,0.04255769431617781,0.3201357508868736,0.6373065547969485
@perfectcosima Becca is just a vessel for characters/demons,neither,0.03677894307480221,0.32094804791238596,0.6422730090128118
Portia had a typo as well.,neither,0.036763761586640645,0.37602302010250593,0.5872132183108534
Amy’s hair looks so cute!,neither,0.04104139205148848,0.3416931433259328,0.6172654646225787
hehhehehhehehhe,neither,0.03945320844208391,0.33037608806864915,0.630170703489267
"Jadd, yes? Compare the A to the R in Laurie.",neither,0.04415590570019164,0.29738236397608525,0.658461730323723
jadd is a bro danH,neither,0.05552067448410609,0.32484974971346126,0.6196295758024326
lol,neither,0.020706217963973744,0.4882283491876925,0.4910654328483337
"@seratonia becca IS the demon, she reverse possesses them",neither,0.059290315428062554,0.3732451464571903,0.5674645381147471
Ash must not be a fan of Twitter or it's the wrong Ash Minnick. Just 1 Tweet,neither,0.035976482372874194,0.3817407475064066,0.5822827701207193
jadd could tek em,neither,0.03945320844208391,0.33037608806864915,0.630170703489267
"@perfectcosima A bold take, but I admire it",neither,0.034640070874202525,0.3411158088032774,0.6242441203225201
@kbtibbs I’m on mobile so I have a suuuuuper tiny video feed right now *shrug*,neither,0.040101364380501575,0.3261864560494145,0.6337121795700839
xD,neither,0.03945320844208391,0.33037608806864915,0.630170703489267
hey guyd,neither,0.03945320844208391,0.33037608806864915,0.630170703489267
"Yeah, that's the wrong twitter account for Ash",neither,0.02235013623944095,0.46509854346175244,0.5125513202988066
,neither,0.03945320844208391,0.33037608806864915,0.630170703489267
I wonder how good of a GM Murray would be?,neither,0.03886445478139736,0.3293403765683039,0.6317951686502987
Ash is moonclad_ash,neither,0.04912624121044723,0.3270490885368631,0.6238246702526896
"I love this show, but I have some things I need to do. Have fun everyone!",neither,0.038535493301616826,0.38309560189648684,0.5783689048018963
@kbtibbs I’ll fix it. Thanks for reminding me,neither,0.028557808769922602,0.3256543924694344,0.6457877987606431
@Gazelleexcess geefHi,neither,0.03945320844208391,0.33037608806864915,0.630170703489267
later @TheDiMono,neither,0.03945320844208391,0.33037608806864915,0.630170703489267
Been running around a bit. Busy morning/afternoon and I had a brain fart on her twitter handle,neither,0.036523330043808845,0.4150612257024463,0.5484154442537448
"@chaoticloony im a terrible gm, you're welcome",neither,0.06853075540542501,0.36899083284647216,0.5624784117481028
"@chaoticloony Murray F. Christmas? I bet the best, because they're totally humans and do human things",neither,0.11199449199344773,0.20548168261734256,0.6825238253892096
i do alot of squats XD,neither,0.04069423336045387,0.3299492426912763,0.6293565239482698
@seratonia it's bold but I feel that becca would agree with me,neither,0.0222852436870851,0.4164964679731499,0.5612182883397651
Jadd is Jaded,neither,0.04912624121044723,0.3270490885368631,0.6238246702526896
Hehhehehehhehehhehehhe,neither,0.03945320844208391,0.33037608806864915,0.630170703489267
Gino? lol,neither,0.03086375243375458,0.3933351323513132,0.5758011152149323
Oh no. Gina!,neither,0.04751210705993949,0.26629718932274826,0.6861907036173122
Gino? XD,neither,0.03945320844208391,0.33037608806864915,0.630170703489267
We have a subscriber-only Discord server! Join here: https://discord.gg/geekandsundry (you'll need to sub and link it to your Twitch) and be a part of the fun!...Warning: It can take up to an hour for the server to update and give you access to the channels,neither,0.08464076273808444,0.286394834032893,0.6289644032290227
!uptime,neither,0.03945320844208391,0.33037608806864915,0.630170703489267
"Oh, Gino. Totally not a self insert.",neither,0.04192984029306469,0.3008319993883756,0.6572381603185597
@luff0tar0 -> Only those that we deem worthy shall possess the power of the Hyperlink [warning],neither,0.048140585852785724,0.2990817588418225,0.6527776553053918
'came',neither,0.03945320844208391,0.33037608806864915,0.630170703489267
kr tier crack perception PogChamp,neither,0.03945320844208391,0.33037608806864915,0.630170703489267
it looked so coooool danHype,neither,0.03749331496072604,0.3935876878135029,0.568918997225771
!wtfisthis,neither,0.03945320844208391,0.33037608806864915,0.630170703489267
"Allow Geek & Sundry to take you by the hand and guide you from game to game in our new programming block, TBD RPG! This show is the space to see every possible sort of Role Playing Game, and the cast is currently playing the Weave RPG!",neither,0.06556019375782646,0.233311417536628,0.7011283887055455
"@salvadorbvw Sorry, hit wrong message",neither,0.03945320844208391,0.33037608806864915,0.630170703489267
"Help G&S make great content! $4.99/month gets you emotes, Minecraft server access, sub-only VODs, and more! Every sub keeps the channel alive! twitch.tv/geekandsundry/subscribe",neither,0.043907990691603095,0.31135964332838284,0.644732365980014
"@perfectcosima ""Becca"" we don't know what her REAL name is",offensive_language,0.03592842001372059,0.6382421508849624,0.3258294291013172
np,neither,0.03945320844208391,0.33037608806864915,0.630170703489267
RIP Gino,neither,0.03945320844208391,0.33037608806864915,0.630170703489267
chat i hear it come HandsUp,neither,0.0365448868767949,0.35733447432715276,0.6061206387960524
ryonBye,neither,0.03945320844208391,0.33037608806864915,0.630170703489267
The dungeon master is very charming,neither,0.04502865661053455,0.3155666811509618,0.6394046622385037
g.... gino? monkaS,neither,0.03945320844208391,0.33037608806864915,0.630170703489267
OOH FANCY,neither,0.03945320844208391,0.33037608806864915,0.630170703489267
What,neither,0.057770773616808734,0.3180719994247239,0.6241572269584672
critroleMolly,neither,0.03945320844208391,0.33037608806864915,0.630170703489267
whoa.,neither,0.03945320844208391,0.33037608806864915,0.630170703489267
Bye Gino,neither,0.03945320844208391,0.33037608806864915,0.630170703489267
AKI,neither,0.03945320844208391,0.33037608806864915,0.630170703489267
